%YAML:1.0
%
% autogenerated by pts_loader with ROS time 0
% generated on Thu Feb 12 14:27:28 2026


anchor0:
  id: MARKER 00 A
  fix: 1
  p_AinG: [-1.28121, 10.3362, -0.705194]

anchor1:
  id: MARKER 00 B
  fix: 1
  p_AinG: [-1.09821, 10.3606, -0.521558]

anchor2:
  id: MARKER 01 A
  fix: 1
  p_AinG: [-7.59413, 8.94501, -0.679228]

anchor3:
  id: MARKER 01 B
  fix: 1
  p_AinG: [-7.61975, 9.13031, -0.49293]

anchor4:
  id: MARKER 02 A
  fix: 1
  p_AinG: [-8.24635, 12.5067, -0.703632]

anchor5:
  id: MARKER 02 B
  fix: 1
  p_AinG: [-8.2635, 12.6935, -0.519154]

anchor6:
  id: MARKER 03 A
  fix: 1
  p_AinG: [-7.54848, 14.9157, -0.708337]

anchor7:
  id: MARKER 03 B
  fix: 1
  p_AinG: [-7.36369, 14.9352, -0.52443]

anchor8:
  id: MARKER 04 A
  fix: 1
  p_AinG: [-5.11971, 10.4071, -0.705207]

anchor9:
  id: MARKER 04 B
  fix: 1
  p_AinG: [-5.09518, 10.2238, -0.517292]

anchor10:
  id: MARKER 05 A
  fix: 1
  p_AinG: [-7.0031, 4.50336, -0.694136]

anchor11:
  id: MARKER 05 B
  fix: 1
  p_AinG: [-7.02751, 4.68928, -0.507702]

anchor12:
  id: MARKER 06 A
  fix: 1
  p_AinG: [-6.66423, 1.09313, -0.69536]

anchor13:
  id: MARKER 06 B
  fix: 1
  p_AinG: [-6.68511, 1.28149, -0.512146]

anchor14:
  id: MARKER 07 A
  fix: 1
  p_AinG: [-5.02065, -1.14207, -0.689013]

anchor15:
  id: MARKER 07 B
  fix: 1
  p_AinG: [-5.20774, -1.16372, -0.505765]

anchor16:
  id: MARKER 08 A
  fix: 1
  p_AinG: [-4.23501, 3.99627, -0.690087]

anchor17:
  id: MARKER 08 B
  fix: 1
  p_AinG: [-4.2095, 3.81326, -0.501007]

anchor18:
  id: MARKER 09 A
  fix: 1
  p_AinG: [-1.01216, 4.78527, -0.647788]

anchor19:
  id: MARKER 09 B
  fix: 1
  p_AinG: [-1.19765, 4.76875, -0.461237]

anchor20:
  id: MARKER 10 A
  fix: 1
  p_AinG: [2.52927, 9.35537, -0.662122]

anchor21:
  id: MARKER 10 B
  fix: 1
  p_AinG: [2.55262, 9.17562, -0.474095]

anchor22:
  id: MARKER 11 A
  fix: 1
  p_AinG: [0.203499, 10.752, -0.70263]

anchor23:
  id: MARKER 11 B
  fix: 1
  p_AinG: [0.390579, 10.7755, -0.518051]

anchor24:
  id: MARKER 12 A
  fix: 1
  p_AinG: [3.40725, 7.02391, -0.709765]

anchor25:
  id: MARKER 12 B
  fix: 1
  p_AinG: [3.43514, 6.84032, -0.523805]

anchor26:
  id: MARKER 13 A
  fix: 1
  p_AinG: [4.01419, 3.89876, -0.692219]

anchor27:
  id: MARKER 13 B
  fix: 1
  p_AinG: [4.03685, 3.71423, -0.509405]

anchor28:
  id: MARKER 14 A
  fix: 1
  p_AinG: [-3.10689, 11.6199, -0.153871]

anchor29:
  id: MARKER 14 B
  fix: 1
  p_AinG: [-2.91874, 11.6419, 0.028795]

anchor30:
  id: MARKER 15 A
  fix: 1
  p_AinG: [-6.25877, 6.71941, -0.467682]

anchor31:
  id: MARKER 15 B
  fix: 1
  p_AinG: [-6.44542, 6.70091, -0.282648]

anchor32:
  id: MARKER 16 B
  fix: 1
  p_AinG: [-6.38827, 7.50739, -0.354927]

anchor33:
  id: MARKER 17 A
  fix: 1
  p_AinG: [0.643333, 5.07865, -0.73324]

anchor34:
  id: MARKER 17 B
  fix: 1
  p_AinG: [0.665233, 4.89373, -0.547471]

anchor35:
  id: POS2
  fix: 1
  p_AinG: [-6.07032, 8.98163, -0.846931]

anchor36:
  id: POSE 3
  fix: 1
  p_AinG: [-6.37604, 4.81672, -0.843759]

anchor37:
  id: POSE3
  fix: 1
  p_AinG: [-4.83911, 5.49862, -0.827611]

anchor38:
  id: POSE4
  fix: 1
  p_AinG: [0.936908, 6.28823, -0.851572]

anchor39:
  id: PRISM OLIVIER
  fix: 1
  p_AinG: [-5.31897, -1.17309, -0.777963]

anchor40:
  id: PRISM OLIVIER@62
  fix: 1
  p_AinG: [-5.31481, -1.16963, -0.776478]

anchor41:
  id: PRISM OLIVIER@98
  fix: 1
  p_AinG: [-5.31719, -1.17122, -0.777929]

anchor42:
  id: PRISM PLANT
  fix: 1
  p_AinG: [3.59446, 5.54324, -0.784704]

anchor43:
  id: PRISM PLANT@108
  fix: 1
  p_AinG: [3.59304, 5.54243, -0.78934]

anchor44:
  id: PRISM PLANT@63
  fix: 1
  p_AinG: [3.59073, 5.53849, -0.786558]

anchor45:
  id: PRISM PLANT@99
  fix: 1
  p_AinG: [3.59307, 5.54297, -0.786416]

anchor46:
  id: REFL 1
  fix: 1
  p_AinG: [2.71036, 11.1021, -0.727349]

anchor47:
  id: REFL 1@100
  fix: 1
  p_AinG: [2.70947, 11.1013, -0.725582]

anchor48:
  id: REFL 1@64
  fix: 1
  p_AinG: [2.7099, 11.1028, -0.72727]

anchor49:
  id: REFL 2
  fix: 1
  p_AinG: [-1.68961, 10.2815, -0.733682]

anchor50:
  id: REFL 2@101
  fix: 1
  p_AinG: [-1.68967, 10.2814, -0.733605]

anchor51:
  id: REFL 2@109
  fix: 1
  p_AinG: [-1.69112, 10.2839, -0.732302]

anchor52:
  id: REFL 3
  fix: 1
  p_AinG: [-7.61913, 9.54569, -0.702403]

anchor53:
  id: REFL 3@110
  fix: 1
  p_AinG: [-7.61847, 9.54578, -0.700011]

anchor54:
  id: SCREW L@111
  fix: 1
  p_AinG: [-7.61391, 9.55568, 1.36072]

anchor55:
  id: SCREW L@114
  fix: 1
  p_AinG: [-6.83995, 3.93702, 1.36823]

anchor56:
  id: SCREW L@118
  fix: 1
  p_AinG: [-6.83996, 3.93704, 1.36824]

anchor57:
  id: SCREW L@95
  fix: 1
  p_AinG: [-7.61619, 9.5573, 1.35986]

anchor58:
  id: WCH L
  fix: 1
  p_AinG: [2.84091, 12.2065, 1.53653]

anchor59:
  id: WCH R
  fix: 1
  p_AinG: [3.51934, 5.27047, 1.12209]

anchor60:
  id: WCH R@65
  fix: 1
  p_AinG: [3.51925, 5.27115, 1.12196]

